117.5,305.3 146.7,297.3 141.5,332.6 
117.5,332.6 141.5,332.6 117.5,305.3 
122,332.6 106.4,332.6 115.6,345.7 
79.3,317.5 103.4,302.4 106.4,332.6 
103.4,302.4 113.7,332.6 106.4,332.6 
113.7,332.6 117.5,332.6 117.5,305.3 
103.4,302.4 117.5,305.3 113.7,332.6 
103.4,302.4 114.2,273.8 117.5,305.3 
114.2,273.8 132.1,272 146.7,297.3 
114.2,273.8 117.5,305.3 146.7,297.3 
132.1,272 151,251.2 165.2,291.8 
132.1,272 146.7,297.3 165.2,291.8 
146.7,297.3 141.5,332.6 165.2,291.8 
91.1,277.2 103.4,302.4 79.3,317.5 
66,263.7 79.3,317.5 91.1,277.2 
79.3,317.5 76.9,335.8 99.5,361.3 
74.2,297.3 76.9,335.8 79.3,317.5 
79.3,317.5 99.5,361.3 106.4,332.6 
99.5,361.3 115.6,345.7 106.4,332.6 
115.6,345.7 122,332.6 141.5,332.6 
141.5,332.6 165.2,291.8 173.4,325.3 
173.4,325.3 151.2,365.9 141.5,332.6 
141.5,332.6 115.6,345.7 151.2,365.9 
99.5,361.3 115.6,345.7 151.2,365.9 
99.5,361.3 136.2,406 151.2,365.9 
136.2,406 165.2,411.3 151.2,365.9 
173.4,325.3 201.2,365.9 151.2,365.9 
201.2,365.9 202.2,407.1 191.4,425.3 
165.2,411.3 201.2,365.9 191.4,425.3 
165.2,411.3 154.6,429.4 191.4,425.3 
157.5,409.9 154.6,417.3 117.5,420.4 
157.5,409.9 136.2,406 117.5,420.4 
165.2,291.8 207.9,281.6 173.4,325.3 
173.4,325.3 201.2,365.9 207.9,281.6 
201.2,365.9 202.2,407.1 251.4,355.8 
202.2,407.1 235.6,406 251.4,355.8 
235.6,406 231.1,411.3 269.2,411.3 
251.4,355.8 235.6,406 269.2,411.3 
207.9,281.6 247.8,281.6 251.4,355.8 
247.8,281.6 278.7,313.3 251.4,355.8 
278.7,313.3 251.4,355.8 269.2,411.3 
229.6,245.9 267.6,227.9 247.8,281.6 
247.8,281.6 255.1,261.7 278.7,313.3 
229.6,245.9 237.4,218.5 267.6,227.9 
237.4,218.5 259.3,190.7 267.6,227.9 
259.3,190.7 267.6,184.6 267.6,227.9 
267.6,184.6 289.9,200.3 267.6,227.9 
267.6,184.6 288.1,179.4 313.6,193.6 
267.6,184.6 289.9,200.3 313.6,193.6 
289.9,200.3 313.6,193.6 309.3,207 
203.5,336.6 233.5,325.3 207.9,281.6 
203.5,336.6 201.2,365.9 233.5,325.3 
233.5,325.3 251.4,355.8 218.5,344.1 
218.5,344.1 201.2,365.9 251.4,355.8 
151.2,365.9 165.2,411.3 201.2,365.9 
91.1,277.2 114.2,273.8 103.4,302.4 
229.6,245.9 226.3,281.6 247.8,281.6 
331,276.5 301.1,315.9 337.8,299.6 
337.8,299.6 373.9,237.1 331,276.5 
331,276.5 352.4,193.6 373.9,237.1 
352.4,193.6 366.4,116.1 373.9,237.1 
366.4,116.1 413.9,157.6 373.9,237.1 
366.4,116.1 395.6,52.2 467,42 
366.4,116.1 413.9,157.6 467,42 
413.9,157.6 486.7,112 467,42 
467,42 510.5,37.3 486.7,112 
510.5,37.3 547,76.6 486.7,112 
547,76.6 471.1,121.7 528.9,130.7 
471.1,121.7 443.3,139.2 527.1,130.5 
443.3,139.2 446,172.8 528.9,130.7 
395.6,52.2 445.1,24.3 510.5,37.3 
510.5,37.3 615.2,31.1 547,76.6 
547,76.6 615.2,31.1 588.2,190.6 
615.2,31.1 694.3,48.8 641.6,110.8 
641.6,110.8 615.2,31.1 588.2,190.6 
694.3,48.8 739.7,112 720.7,178.4 
694.3,48.8 641.6,110.8 720.7,178.4 
641.6,110.8 588.2,190.6 720.7,178.4 
622.5,187.4 622.5,252.5 698.1,180.5 
670.9,206.4 647.7,276.5 622.5,252.5 
622.5,252.5 599.2,306.9 647.7,276.5 
647.7,276.5 599.2,306.9 635.4,315.9 
698.1,180.5 670.9,206.4 705.4,268.3 
698.1,180.5 720.7,178.4 705.4,268.3 
720.7,178.4 739.7,279.7 705.4,268.3 
705.4,268.3 739.7,279.7 694.3,323.1 
739.7,279.7 694.3,323.1 747.1,320.6 
547,76.6 528.9,130.7 588.2,190.6 
527.1,130.5 510.5,185.4 537.7,241.4 
527.1,130.5 537.7,241.4 588.2,190.6 
588.2,190.6 568.3,268.3 537.7,241.4 
537.7,241.4 537.7,276.5 568.3,268.3 
568.3,268.3 537.7,276.5 581.1,306.9 
568.3,268.3 607.4,276.5 581.1,306.9 
457.4,167 527.1,130.5 486.1,246.8 
458.5,170 443.3,252.5 486.1,246.8 
443.3,252.5 436.9,315.9 486.1,246.8 
486.1,246.8 436.9,315.9 481.7,323.1 
337.8,299.6 301.1,315.9 331,335.6 