169.7,288 211,276.7 203.7,326.7 
169.7,326.7 203.7,326.7 169.7,288 
176,326.7 154,326.7 167,345.2 
115.7,305.3 149.7,283.9 154,326.7 
149.7,283.9 164.3,326.7 154,326.7 
164.3,326.7 169.7,326.7 169.7,288 
149.7,283.9 169.7,288 164.3,326.7 
149.7,283.9 165,243.5 169.7,288 
165,243.5 190.3,241 211,276.7 
165,243.5 169.7,288 211,276.7 
190.3,241 217,211.5 237.2,269 
190.3,241 211,276.7 237.2,269 
211,276.7 203.7,326.7 237.2,269 
165,243.5 132.3,248.3 149.7,283.9 
132.3,248.3 149.7,283.9 115.7,305.3 
96.8,229.2 115.7,305.3 132.3,248.3 
115.7,305.3 112.2,331.2 144.2,367.2 
108.5,276.7 112.2,331.2 115.7,305.3 
115.7,305.3 144.2,367.2 154,326.7 
144.2,367.2 167,345.2 154,326.7 
167,345.2 176,326.7 203.7,326.7 
203.7,326.7 237.2,269 248.7,316.3 
248.7,316.3 217.3,373.7 203.7,326.7 
203.7,326.7 167,345.2 217.3,373.7 
144.2,367.2 167,345.2 217.3,373.7 
144.2,367.2 196.2,430.5 217.3,373.7 
196.2,430.5 237.2,438 217.3,373.7 
248.7,316.3 288,373.7 217.3,373.7 
217.3,373.7 237.2,438 288,373.7 
288,373.7 289.5,432 274.2,457.8 
237.2,438 288,373.7 274.2,457.8 
237.2,438 222.2,463.5 274.2,457.8 
226.2,436 222.2,446.5 169.7,450.8 
226.2,436 196.2,430.5 169.7,450.8 
237.2,269 297.6,254.5 248.7,316.3 
248.7,316.3 288,373.7 297.6,254.5 
288,373.7 289.5,432 359,359.5 
289.5,432 336.7,430.5 359,359.5 
336.7,430.5 330.3,438 384.3,438 
359,359.5 336.7,430.5 384.3,438 
297.6,254.5 354,254.5 359,359.5 
354,254.5 397.7,299.3 359,359.5 
397.7,299.3 359,359.5 384.3,438 
319.7,254.5 328.3,204 354,254.5 
328.3,204 382,178.5 354,254.5 
354,254.5 364.3,226.4 397.7,299.3 
328.3,204 339.3,165.3 382,178.5 
339.3,165.3 370.3,126 382,178.5 
370.3,126 382,117.3 382,178.5 
382,117.3 413.5,139.5 382,178.5 
382,117.3 411,110 447,130 
382,117.3 413.5,139.5 447,130 
413.5,139.5 447,130 441,149 
291.3,332.3 333.8,316.3 297.6,254.5 
291.3,332.3 288,373.7 333.8,316.3 
333.8,316.3 359,359.5 312.6,342.9 
312.6,342.9 288,373.7 359,359.5 
132.3,248.3 165,243.5 149.7,283.9
217.3,373.7 237.2,438 288,373.7
328.3,204 323.5,254.5 354,254.5