71.5,386.1 37.3,431.2 79.2,412.5 
79.2,412.5 120.4,341.1 71.5,386.1 
71.5,386.1 95.9,291.3 120.4,341.1 
95.9,291.3 111.9,202.8 120.4,341.1 
111.9,202.8 166.3,250.1 120.4,341.1 
111.9,202.8 145.3,129.7 226.9,118.1 
111.9,202.8 166.3,250.1 226.9,118.1 
166.3,250.1 249.4,198.1 226.9,118.1 
226.9,118.1 276.6,112.6 249.4,198.1 
276.6,112.6 318.4,157.6 249.4,198.1 
318.4,157.6 231.7,209.2 297.6,219.5 
231.7,209.2 199.8,229.2 295.7,219.2 
199.8,229.2 202.9,267.6 297.6,219.5 
145.3,129.7 201.8,97.8 276.6,112.6 
276.6,112.6 396.3,105.5 318.4,157.6 
318.4,157.6 396.3,105.5 365.5,287.9 
396.3,105.5 486.8,125.9 426.5,196.7 
426.5,196.7 396.3,105.5 365.5,287.9 
486.8,125.9 538.7,198.1 517,274 
486.8,125.9 426.5,196.7 517,274 
426.5,196.7 365.5,287.9 517,274 
404.7,284.3 404.7,358.7 491.1,276.4 
460,306 433.5,386.1 404.7,358.7 
404.7,358.7 378.1,420.9 433.5,386.1 
433.5,386.1 378.1,420.9 419.5,431.2 
491.1,276.4 460,306 499.4,376.8 
491.1,276.4 517,274 499.4,376.8 
517,274 538.7,389.8 499.4,376.8 
499.4,376.8 538.7,389.8 486.8,439.4 
538.7,389.8 486.8,439.4 547.1,436.6 
318.4,157.6 297.6,219.5 365.5,287.9 
295.7,219.2 276.6,282 307.7,346.1 
295.7,219.2 307.7,346.1 365.5,287.9 
365.5,287.9 342.7,376.8 307.7,346.1 
307.7,346.1 307.7,386.1 342.7,376.8 
342.7,376.8 307.7,386.1 357.4,420.9 
342.7,376.8 387.5,386.1 357.4,420.9 
216,260.9 295.7,219.2 248.7,352.2 
217.2,264.4 199.8,358.7 248.7,352.2 
199.8,358.7 192.5,431.2 248.7,352.2 
248.7,352.2 192.5,431.2 243.7,439.4 
79.2,412.5 37.3,431.2 71.5,453.7 