323.5,264.9 302.6,271.4 287.4,324.1 
319,213 302.6,271.4 323.5,264.9 
213.4,176.8 225.6,148.7 244.5,136.5 
244.5,136.5 287.4,118.8 348.3,127.7 
244.5,136.5 259.9,172.8 348.3,127.7 
348.3,127.7 310.7,215.1 259.9,172.8 
319,213 348.3,127.7 310.7,215.1 
348.3,127.7 386.8,199.6 319,213 
319,213 341.7,284.4 386.8,199.6 
386.8,199.6 398,312 341.7,284.4 
329.7,246.8 323.5,264.9 341.7,284.4 
323.5,264.9 310.7,333.6 341.7,284.4 
398,312 310.7,333.6 341.7,284.4 
298.3,391.7 398,312 310.7,333.6 
298.3,391.7 321.5,404.3 350.3,404.3 
361.5,341.2 350.3,404.3 298.3,391.7 
398,312 350.3,404.3 361.5,341.2 
232.6,348.2 232.6,398.1 246,409 
232.6,348.2 254,348.2 246,409 
287.4,324.1 273.5,385.4 246,409 
254,348.2 246,409 287.4,324.1 
300.1,378.6 273.5,385.4 287.4,324.1 
300.9,328.7 300.1,378.6 287.4,324.1 
300.9,328.7 310.7,333.6 323.5,264.9 
319,213 323.5,264.9 329.7,246.8 
348.3,127.7 389.1,136.5 386.8,199.6 
389.1,136.5 432.8,161.3 386.8,199.6 
432.8,161.3 467.1,205.6 465.1,318.9 
386.8,199.6 465.1,318.9 432.8,161.3 
386.8,199.6 398,312 465.1,318.9 
465.1,318.9 445.2,378.6 398,312 
398,312 417.4,417.7 445.2,378.6 
365.4,375.1 417.4,417.7 398,312 
302.6,271.4 277.8,290 287.4,324.1 
319,213 302.6,271.4 310.7,215.1 
213.4,176.8 259.9,172.8 244.5,136.5 
224.6,291.5 213.4,337.7 239.2,333.6 
232.6,348.2 213.4,337.7 239.2,333.6 
273.5,318.9 224.6,291.5 239.2,333.6 
254,348.2 273.5,318.9 239.2,333.6 
232.6,348.2 254,348.2 239.2,333.6 
287.4,324.1 273.5,318.9 254,348.2 
277.8,290 273.5,318.9 287.4,324.1 
243.3,268.9 238.2,299.2 224.6,291.5 
209.9,271.4 243.3,268.9 224.6,291.5 
213.4,337.7 209.9,271.4 224.6,291.5 
243.3,268.9 277.8,290 238.2,299.2 
273.5,318.9 277.8,290 238.2,299.2 
209.9,271.4 195.8,303.7 212.3,316.3 
213.4,337.7 195.8,303.7 212.3,316.3 
195.8,209.8 180.7,255.9 188.2,299.2 
213.4,337.7 188.2,299.2 195.8,303.7 
209.9,271.4 195.8,209.8 188.2,299.2 
195.8,303.7 209.9,271.4 188.2,299.2 
195.8,209.8 172.4,199.6 187.1,236.2 
270.7,193.6 286.8,195.1 310.7,215.1 
273.5,227.1 310.7,215.1 270.7,193.6 
243.3,268.9 273.5,227.1 277.8,290 
310.7,215.1 277.8,290 273.5,227.1 
302.6,271.4 277.8,290 310.7,215.1 
270.7,193.6 260.5,205.9 273.5,227.1 
195.8,209.8 260.5,205.9 209.9,271.4 
243.3,268.9 260.5,205.9 273.5,227.1 
209.9,271.4 243.3,268.9 260.5,205.9 
195.8,209.8 213.4,176.8 260.5,205.9 
259.9,172.8 260.5,205.9 213.4,176.8 
270.7,193.6 259.9,172.8 260.5,205.9 
286.8,195.1 270.7,193.6 259.9,172.8 
287.4,324.1 300.9,328.7 323.5,264.9 
300.9,328.7 300.1,383.1 310.7,333.6 