250.7,235.8 316.9,235.8 329.1,264 
250.7,235.8 237.7,255.5 237.7,288.2 
329.1,264 275.2,320.1 250.7,235.8 
189.4,317.2 275.2,320.1 237.7,288.2 
250.7,235.8 275.2,320.1 237.7,288.2 
176.3,287.3 237.7,288.2 189.4,317.2 
176.3,287.3 122.9,333.1 154.7,325.5 
111.4,363.9 154.7,325.5 122.9,333.1 
97.2,342.4 122.9,333.1 111.4,363.9 
329.1,264 444.5,262 337.2,307.6 
303.7,290.4 337.2,307.6 329.1,264 
471.5,273.6 444.5,262 337.2,307.6 
411.4,307.6 471.5,273.6 337.2,307.6 
316.9,235.8 404.4,209.8 458.8,205.3 
444.5,262 316.9,235.8 329.1,264 
458.8,205.3 444.5,262 316.9,235.8 
471.5,273.6 467.8,253.8 458.8,205.3 
511.5,245.1 471.5,273.6 467.8,253.8 
543.1,259.4 511.5,245.1 471.5,273.6 
605,295.6 543.1,259.4 522.9,263.4 
577.1,314.7 569.5,281.7 522.9,263.4 
458.8,205.3 511.5,154.8 467.8,253.8 
530.4,191.5 511.5,154.8 467.8,253.8 
577.1,190.4 530.4,191.5 511.5,154.8 
538.9,144.4 520.3,151.4 511.5,154.8 
514.1,123.8 520.3,151.4 532.1,147.1 
458.8,70.8 476.1,114.7 514.1,123.8 
532.1,147.1 525.7,119.8 523.1,107.9 
479.1,72.2 525.7,119.8 523.1,107.9 
477.1,131.3 517.8,152.5 489.6,153.6 
337.2,307.6 329.1,264 444.5,262 